0 Hospital Basement
0 Author: LEGO Digital Designer 4.3
1 320 -4.76837158203125E-005 0 -21.250034332275391 1 0 0 0 1 0 0 0 1 3811.dat
1 320 179.99992370605469 -24 -1.2499809265136719 1 0 0 0 1 0 0 0 1 3062b.dat
1 57 179.99992370605469 -32 -1.2499808073043823 0.87854892015457153 0.47765254974365234 0 0 0 -1 -0.47765254974365234 0.87854886054992676 0 6126.dat
1 320 -40.000057220458984 -24 -201.24998474121094 1 0 0 0 1 0 0 0 1 3062b.dat
1 57 -40.000106811523437 -32 -201.25007629394531 0.63311499357223511 0.77405774593353271 0 0 0 -1 -0.77405774593353271 0.63311499357223511 0 6126.dat
1 4 -40.000034332275391 -8 78.75 1 0 0 0 1 0 0 0 1 6063.dat
1 4 179.99995422363281 -8 -1.2499988079071045 1 0 0 0 1 0 0 0 1 6063.dat
1 320 -40.000007629394531 -24 78.750015258789063 1 0 0 0 1 0 0 0 1 3062b.dat
1 57 -40.000106811523437 -32 78.75006103515625 0.323332279920578 -0.94628554582595825 0 0 0 -1 0.94628554582595825 0.32333225011825562 0 6126.dat
1 4 -40.000034332275391 -8 -201.25 1 0 0 0 1 0 0 0 1 6063.dat
1 320 -40.000022888183594 -16 78.749977111816406 1 0 0 0 1 0 0 0 1 30062.dat
1 4 -40.000022888183594 -24 78.749969482421875 -1 0 0 0 1 0 0 0 -1 11833.dat
1 4 -40.000038146972656 -24 -201.25003051757812 -1 0 0 0 1 0 0 0 -1 11833.dat
1 320 -40.000022888183594 -16 -201.25003051757812 1 0 0 0 1 0 0 0 1 30062.dat
1 320 179.99998474121094 -16 -1.2500189542770386 1 0 0 0 1 0 0 0 1 30062.dat
1 4 179.99996948242187 -24 -1.2500286102294922 -1 0 0 0 1 0 0 0 -1 11833.dat
1 15 140.12498474121094 -104.00000762939453 -149.87501525878906 1 0 0 0 1 0 0 0 1 4592.dat
1 0 139.99998474121094 -105.75247955322266 -150.66424560546875 1 0 0 0 0.74752986431121826 0.66422820091247559 0 -0.66422820091247559 0.74752986431121826 4593.dat
